Date	        Soybean	Corn	        CrudeOil DXY	        S&P500
13/12/13	1101.75	489.5		80.46	80.209999	1775.319946
16/12/13	1106.5	479.25		80.78	80.07		1786.540039
17/12/13	1109	474.75		80.91	80.059998	1781
18/12/13	1103.75	474.5		80.25	80.110001	1810.650024
19/12/13	1107.25	472		79.9	80.629997	1809.599976
20/12/13	1115	474.5		79.65	80.580002	1818.319946
23/12/13	1108.75	471		79.73	80.449997	1827.98999
24/12/13	1107	469.25		79.67	80.529999	1833.319946
26/12/13	1095	463.5		79.89	80.480003	1842.02002
27/12/13	1098.5	463		80.07	80.389999	1841.400024
30/12/13	1090.5	460.25		80.05	80		1841.069946
31/12/13	1084.25	455.5		79.94	80.040001	1848.359985
02/01/14	1079.5	455		78.93	80.629997	1831.97998
03/01/14	1078.75	454		78.58	80.790001	1831.369995
06/01/14	1073.25	455		78.7	80.650002	1826.77002
07/01/14	1065.25	455		77.68	80.830002	1837.880005
08/01/14	1055	454.25		77.08	81.040001	1837.48999
09/01/14	1051.75	453		77.29	81.010002	1838.130005
10/01/14	1048.25	462.5		77.33	80.660004	1842.369995
13/01/14	1057.5	462.75		77.23	80.510002	1819.199951
14/01/14	1057.75	461.5		77.98	80.610001	1838.880005
15/01/14	1056.25	459.25		78.36	81		1848.380005
16/01/14	1061	459.75		77.5	80.900002	1845.890015
17/01/14	1063.25	456.25		77.58	81.260002	1838.699951
21/01/14	1051.5	458.25		77.51	81.099998	1843.800049
22/01/14	1054.25	457.25		77.59	81.169998	1844.859985
23/01/14	1051.75	457		77.32	80.440002	1828.459961
24/01/14	1053.75	456.75		77.8	80.459999	1790.290039
27/01/14	1047.5	458.75		77.64	80.5		1781.560059
28/01/14	1046.5	458.25		77.94	80.57		1792.5
29/01/14	1041.25	457.25		77.63	80.510002	1774.199951
30/01/14	1040.75	457.25		77.62	81.089996	1794.189941
31/01/14	1047.5	457.25		77.11	81.269997	1782.589966
03/02/14	1048.5	456		77.47	81.010002	1741.890015
04/02/14	1048.25	455.25		78.16	81.120003	1755.199951
05/02/14	1050.5	450.75		79.26	81.029999	1751.640015
06/02/14	1055.25	454.25		79.42	80.889999	1773.430054
07/02/14	1058.25	453.5		79.84	80.690002	1797.02002
10/02/14	1053	452.25		79.57	80.669998	1799.839966
11/02/14	1053.25	451.75		80.13	80.629997	1819.75
12/02/14	1050.25	451.75		80.33	80.68		1819.26001
13/02/14	1055.5	451.75		80.49	80.290001	1829.829956
14/02/14	1050.25	451.25		80.53	80.129997	1838.630005
18/02/14	1055.25	452.75		79.95	80.010002	1840.76001
19/02/14	1052	454.5		79.66	80.169998	1828.75
20/02/14	1053	456		80	80.290001	1839.780029
21/02/14	1059.25	452.25		80.16	80.239998	1836.25
24/02/14	1061	451		80.38	80.209999	1847.609985
25/02/14	1066.75	452.5		80.07	80.150002	1845.119995
26/02/14	1069.25	453		80.2	80.410004	1845.160034
27/02/14	1060	449.75		80.49	80.290001	1854.290039
28/02/14	1068.25	455.25		80.78	79.779999	1859.449951
03/03/14	1071.5	451.5		80.76	80.07		1845.72998
04/03/14	1079.5	454.75		80.53	80.160004	1873.910034
05/03/14	1081.25	455.5		80.94	80.110001	1873.810059
06/03/14	1083.25	455.25		81.44	79.68		1877.030029
07/03/14	1082.5	455.75		81.52	79.720001	1878.040039
10/03/14	1071.5	454.25		81.12	79.75		1877.170044
11/03/14	1083.25	454.5		81.51	79.769997	1867.630005
12/03/14	1070	456.5		81.39	79.610001	1868.199951
13/03/14	1071.75	453.75		81.82	79.620003	1846.339966
14/03/14	1069.5	456.5		81.86	79.440002	1841.130005
17/03/14	1071	452		81.37	79.389999	1858.829956
18/03/14	1077.75	455.5		81.25	79.410004	1872.25
19/03/14	1075.75	453		81.04	79.989998	1860.77002
20/03/14	1075.25	449.5		81.25	80.209999	1872.01001
21/03/14	1069	448.75		81.4	80.110001	1866.52002
24/03/14	1075.75	453		81.35	79.93		1857.439941
25/03/14	1078.75	451.5		81.18	79.940002	1865.619995
26/03/14	1076	450.25		81.25	79.980003	1852.560059
27/03/14	1075	451.25		81.18	80.110001	1849.040039
28/03/14	1076.5	450.25		80.68	80.18		1857.619995
31/03/14	1076	454.25		81.01	80.099998	1872.339966
01/04/14	1090	465.75		81.15	80.080002	1885.52002
02/04/14	1087.5	461.5		81.95	80.220001	1890.900024
03/04/14	1088.5	464.25		82.33	80.470001	1888.77002
04/04/14	1090	470		82.29	80.419998	1865.089966
07/04/14	1089.5	471		82.36	80.220001	1845.040039
08/04/14	1093	472		82.31	79.75		1851.959961
09/04/14	1100	470		82.24	79.480003	1872.180054
10/04/14	1100	468		82.3	79.379997	1833.079956
11/04/14	1094.5	465		82.19	79.449997	1815.689941
14/04/14	1099.5	467.75		82.34	79.730003	1830.609985
15/04/14	1100.5	466		82.35	79.800003	1842.97998
16/04/14	1099	463.75		82.62	79.82		1862.310059
17/04/14	1098.5	468.75		82.68	79.830002	1864.849976
21/04/14	1086	463.5		83.02	79.949997	1871.890015
22/04/14	1082.5	468		83.3	79.910004	1879.550049
23/04/14	1099	473.5		83.36	79.860001	1875.390015
24/04/14	1097.5	472.75		83.13	79.800003	1878.609985
25/04/14	1099	473.5		82.85	79.769997	1863.400024
28/04/14	1099.5	471.75		82.78	79.68		1869.430054
29/04/14	1098	471.75		82.73	79.809998	1878.329956
30/04/14	1100	471.5		82.47	79.489998	1883.949951
01/05/14	1085	465.25		82.39	79.529999	1883.680054
02/05/14	1084.25	461.25		82.29	79.519997	1881.140015
05/05/14	1087.75	465		82.23	79.489998	1884.660034
06/05/14	1090.25	470.75		82.13	79.139999	1867.719971
07/05/14	1085.75	471.75		82.69	79.220001	1878.209961
08/05/14	1087.25	471.25		82.64	79.43		1875.630005
09/05/14	1089	465.25		82.44	79.900002	1878.47998
12/05/14	1081	464.75		82.65	79.900002	1896.650024
13/05/14	1089	469.5		82.93	80.139999	1897.449951
14/05/14	1097.25	469.75		82.99	80.07		1888.530029
15/05/14	1094	466.75		83.15	80		1870.849976
16/05/14	1098	466.5		83.37	80.040001	1877.859985
19/05/14	1108.25	467.5		83.34	79.989998	1885.079956
20/05/14	1101	464.25		83.63	80.040001	1872.829956
21/05/14	1109.25	464		83.77	80.099998	1888.030029
22/05/14	1114.25	462.75		84.04	80.25		1892.48999
23/05/14	1114.75	465.75		84.29	80.389999	1900.530029
27/05/14	1103.75	461.25		84.28	80.349998	1911.910034
28/05/14	1106.75	464.25		84.62	80.57		1909.780029
29/05/14	1105	460		84.46	80.489998	1920.030029
30/05/14	1099.75	457		84.64	80.370003	1923.569946
02/06/14	1097	459.5		84.79	80.639999	1924.969971
03/06/14	1094	459.25		84.94	80.550003	1924.23999
04/06/14	1103.5	458.5		84.8	80.669998	1927.880005
05/06/14	1096.25	455.5		85.33	80.370003	1940.459961
06/06/14	1103.5	456.25		85.32	80.410004	1949.439941
09/06/14	1114	458.25		85.58	80.650002	1951.27002
10/06/14	1109.5	459.25		85.71	80.82		1950.790039
11/06/14	1110.5	459.75		85.94	80.790001	1943.890015
12/06/14	1112.75	460.75		85.95	80.580002	1930.109985
13/06/14	1114.5	465.75		86.05	80.580002	1936.160034
16/06/14	1115.75	460.75		86.64	80.470001	1937.780029
17/06/14	1123	460.75		87.1	80.629997	1941.98999
18/06/14	1120.5	461.25		87.44	80.580002	1956.97998
19/06/14	1129	465		87.83	80.32		1959.47998
20/06/14	1127.5	466.5		87.76	80.370003	1962.869995
23/06/14	1122.75	462.5		88.02	80.260002	1962.609985
24/06/14	1128.25	464		88.03	80.330002	1949.97998
25/06/14	1129.25	469.5		88.65	80.220001	1959.530029
26/06/14	1135.75	470.25		88.42	80.230003	1957.219971
27/06/14	1125	471.25		88.57	80.040001	1960.959961
30/06/14	1100.5	470		88.7	79.779999	1960.22998
01/07/14	1104	469.75		89.52	79.82		1973.319946
02/07/14	1105.75	463.5		89.53	79.959999	1974.619995
03/07/14	1097.25	463.5		89.73	80.209999	1985.439941
07/07/14	1097	456		90.06	80.220001	1977.650024
08/07/14	1093	455.75		89.72	80.18		1963.709961
09/07/14	1085.5	449.25		89.59	79.989998	1972.829956
10/07/14	1080.5	445.5		89.32	80.129997	1964.680054
11/07/14	1083.75	444.75		88.9	80.190002	1967.569946
14/07/14	1089	448.25		89.56	80.190002	1977.099976
15/07/14	1090.25	447		88.96	80.389999	1973.280029
16/07/14	1100.25	447		88.48	80.559998	1981.569946
17/07/14	1088.25	450.25		87.71	80.519997	1958.119995
18/07/14	1081	442.25		87.38	80.519997	1978.219971
21/07/14	1080.5	439.25		88.91	80.559998	1973.630005
22/07/14	1071	431		88.67	80.779999	1983.530029
23/07/14	1073.5	430.5		89.35	80.809998	1987.01001
24/07/14	1067.25	426.25		89.13	80.870003	1987.97998
25/07/14	1074.25	427.25		89.38	81.029999	1978.339966
28/07/14	1076.0	428.25		88.52	81.029999	1978.910034
29/07/14	1070.75	429		88.3	81.209999	1969.949951
30/07/14	1060.5	429.75		88.36	81.419998	1970.069946
31/07/14	1060	427.5		87.91	81.459999	1930.670044
01/08/14	1049	424.75		88.2	81.300003	1925.150024
04/08/14	1061.25	429.75		88.47	81.330002	1938.98999
05/08/14	1049.5	428.75		88.54	81.519997	1920.209961
06/08/14	1059.75	430		88.79	81.440002	1920.23999
07/08/14	1056	427.25		89.31	81.519997	1909.569946
08/08/14	1057.5	421.75		88.86	81.389999	1931.589966
11/08/14	1047	422		88.97	81.470001	1936.920044
12/08/14	1037.75	422		89.02	81.5		1933.75
13/08/14	1029.25	424		89.44	81.599998	1946.719971
14/08/14	1032	427		88.57	81.589996	1955.180054
15/08/14	1029	429		88.95	81.419998	1955.060059
18/08/14	1031.5	426		88.75	81.580002	1971.73999
19/08/14	1026.5	426		88.54	81.879997	1981.599976
20/08/14	1017.75	420.75		88.13	82.25		1986.51001
21/08/14	1015	420.5		87.92	82.150002	1992.369995
22/08/14	1014	422.5		88.47	82.339996	1988.400024
25/08/14	1007.5	422.25		88.6	82.550003	1997.920044
26/08/14	1011.5	418.75		88.72	82.650002	2000.02002
27/08/14	1004.5	421		88.37	82.43		2000.119995
28/08/14	1005.5	422.5		87.8	82.480003	1996.73999
29/08/14	1004.75	418.5		87.82	82.75		2003.369995
02/09/14	1007.75	419		87.07	82.989998	2002.280029
03/09/14	1000	412		87.45	82.870003	2000.719971
04/09/14	999	409.25		87.23	83.82		1997.650024
05/09/14	1012.75	414.25		87.23	83.760002	2007.709961
08/09/14	1000.5	406.25		87.47	84.230003	2001.540039
09/09/14	1000	404.5		87.62	84.279999	1988.439941
10/09/14	995	405.5		87.57	84.25		1995.689941
11/09/14	984.75	405		87.58	84.300003	1997.449951
12/09/14	988.5	405.75		87.59	84.239998	1985.540039
15/09/14	992	408		87.7	84.260002	1984.130005
16/09/14	985.75	409		88.12	84.07		1998.97998
17/09/14	987.25	407.75		87.89	84.699997	2001.569946
18/09/14	982	407.5		87.67	84.32		2011.359985
19/09/14	978.75	406		87.74	84.800003	2010.400024
22/09/14	966.75	409		87.45	84.669998	1994.290039
23/09/14	966	408.25		87.25	84.660004	1982.77002
24/09/14	963.75	408.5		86.98	85.050003	1998.300049
25/09/14	956	408		86.87	85.199997	1965.98999
26/09/14	952	406		86.48	85.639999	1982.849976
29/09/14	966	407.5		86.03	85.589996	1977.800049
30/09/14	962	406		84.69	85.940002	1972.290039
01/10/14	963.25	405.75		84.71	85.970001	1946.160034
02/10/14	968.75	406.75		83.92	85.599998	1946.170044
03/10/14	959	407		83.24	86.690002	1967.900024
06/10/14	980.75	407.25		84.02	85.709999	1964.819946
07/10/14	972.25	409.25		83.86	85.669998	1935.099976
08/10/14	971.25	410		83.85	85.300003	1968.890015
09/10/14	973.25	410		83.73	85.519997	1928.209961
10/10/14	961.25	405.25		83.85	85.910004	1906.130005
13/10/14	974.25	409.75		84.4	85.43		1874.73999
14/10/14	985.5	423.5		83.01	85.82		1877.699951
15/10/14	973	409.5		81.57	85.150002	1862.48999
16/10/14	976	414.75		80.92	85		1862.76001
17/10/14	963.25	411		80.95	85.190002	1886.76001
20/10/14	961.25	412.5		80.25	84.949997	1904.01001
21/10/14	961	418.25		79.5	85.309998	1941.280029
22/10/14	967.75	415.25		79.17	85.739998	1927.109985
23/10/14	975.75	414.5		79.94	85.839996	1950.819946
24/10/14	966.5	411		80.24	85.730003	1964.579956
27/10/14	987	416.25		79.93	85.5		1961.630005
28/10/14	980	420		80.22	85.410004	1985.050049
29/10/14	992.5	421.75		80.59	85.949997	1982.300049
30/10/14	983.5	420.5		80.28	86.150002	1994.650024
31/10/14	995.5	420.75		80.59	86.879997	2018.050049
03/11/14	988.25	419		80.96	87.309998	2017.810059
04/11/14	990	410.75		80.27	86.980003	2012.099976
05/11/14	988	414.25		80.04	87.440002	2023.569946
06/11/14	993	416.5		80.11	88.010002	2031.209961
07/11/14	1006.25	415.25		80	87.639999	2031.920044
10/11/14	1002.25	414.5		79.48	87.809998	2038.26001
11/11/14	1023.5	418		79.85	87.529999	2039.680054
12/11/14	1015	418.5		79.5	87.82		2038.25
13/11/14	1024	422.75		77.53	87.669998	2039.329956
14/11/14	1005.5	423.5		78.56	87.529999	2039.819946
17/11/14	1015	422.75		78.66	87.93		2041.319946
18/11/14	1004.25	419.5		78.31	87.580002	2051.800049
19/11/14	992	415.25		77.78	87.650002	2048.719971
20/11/14	1002.75	421		78.2	87.589996	2052.75
21/11/14	1013	420.75		79.15	88.309998	2063.5
24/11/14	1005	418.5		78.76	88.150002	2069.409912
25/11/14	1016	423.5		78.01	87.919998	2067.030029
26/11/14	1013.5	428		78.18	87.610001	2072.830078
28/11/14	990.5	423.75		73.85	88.360001	2067.560059
01/12/14	992	423.5		75.8	87.949997	2053.439941
02/12/14	984	417		74.58	88.650002	2066.550049
03/12/14	988	419		74.5	88.959999	2074.330078
04/12/14	997	421.25		73.48	88.699997	2071.919922
05/12/14	1015.5	419.5		72.51	89.330002	2075.370117
08/12/14	1019.5	415.25		70.36	89.040001	2060.310059
09/12/14	1023	423.5		70.76	88.690002	2059.820068
10/12/14	1012.5	422.25		68.91	88.269997	2026.140015
11/12/14	1021.5	424		68.83	88.660004	2035.329956
12/12/14	1021.5	427		67.03	88.360001	2002.329956
15/12/14	1012	427		65.78	88.459999	1989.630005
16/12/14	1001.5	422.25		64.81	88.129997	1972.73999
17/12/14	1002	420.5		65.22	89.129997	2012.890015
18/12/14	1010.5	422		64.49	89.239998	2061.22998
19/12/14	1007	421.25		67.3	89.599998	2070.649902
22/12/14	1006	421.25		67	89.769997	2078.540039
23/12/14	1005.5	422.75		68.43	90.059998	2082.169922
24/12/14	997.5	419.5		68.47	89.970001	2081.879883
26/12/14	1011.5	423.25		68.08	90.029999	2088.77002
29/12/14	1003	419.5		67.4	90.190002	2090.570068
30/12/14	1000	416.25		67.55	89.989998	2080.350098
31/12/14	985.5	416.25		67.5	90.269997	2058.899902
02/01/15	979.5	412.25		67.05	91.080002	2058.199951
05/01/15	1001.5	420.25		65.63	91.379997	2020.579956
06/01/15	1005.5	420.25		63.52	91.5		2002.609985
07/01/15	993.5	412.75		63.1	91.889999	2025.900024
08/01/15	985	412.25		63.15	92.370003	2062.139893
09/01/15	987.5	417		63.81	91.940002	2044.810059
12/01/15	972.5	419		62.98	91.980003	2028.26001
13/01/15	969	412.5		63.44	92.309998	2023.030029
14/01/15	973	412.25		64.45	92.160004	2011.27002
15/01/15	963	413		62.47	92.349998	1992.670044
16/01/15	962.5	415		63.44	92.519997	2019.420044
20/01/15	960.5	416.5		61.97	93.050003	2022.550049
21/01/15	960	415		62.64	92.900002	2032.119995
22/01/15	956.5	414.75		62.14	94.239998	2063.149902
23/01/15	955.5	418		62.42	95		2051.820068
26/01/15	966	415		62.35	94.800003	2057.090088
27/01/15	955.5	420.5		63.32	94.019997	2029.550049
28/01/15	952	418.25		62.67	94.470001	2002.160034
29/01/15	945	418.25		63.34	94.779999	2021.25
30/01/15	943.5	422		65.89	94.800003	1994.98999
02/02/15	942.5	418.75		66.32	94.5		2020.849976
03/02/15	960.5	429.25		67.78	93.599998	2050.030029
04/02/15	950.5	426.75		65.61	94.400002	2041.51001
05/02/15	959	425.25		66.13	93.57		2062.52002
06/02/15	953	424.25		65.74	94.699997	2055.469971
09/02/15	959	428		66.48	94.449997	2046.73999
10/02/15	948	426.75		65.72	94.760002	2068.590088
11/02/15	949	423		65.62	94.989998	2068.530029
12/02/15	954.5	423.25		66.8	94.089996	2088.47998
13/02/15	959.5	425.5		66.44	94.199997	2096.98999
17/02/15	975.5	428		66.18	94.059998	2100.340088
18/02/15	967.5	426		65.48	94.199997	2099.679932
19/02/15	975.5	427.25		64.59	94.400002	2097.449951
20/02/15	970	427		65.22	94.32		2110.300049
23/02/15	968.5	426.25		65.26	94.57		2109.659912
24/02/15	976.5	426.75		65.58	94.489998	2115.47998
25/02/15	972.5	427.75		66.48	94.209999	2113.860107
26/02/15	977	429.25		65.7	95.290001	2110.73999
27/02/15	973	429		66.28	95.25		2104.5
02/03/15	962.5	428		65.57	95.459999	2117.389893
03/03/15	970.5	427.75		66.34	95.379997	2107.780029
04/03/15	961	427.5		65.37	95.970001	2098.530029
05/03/15	961	427.5		64.94	96.339996	2101.040039
06/03/15	962	427		64.46	97.620003	2071.26001
09/03/15	966	426.5		64.03	97.589996	2079.429932
10/03/15	961.5	428		63.19	98.599998	2044.160034
11/03/15	969.5	428		63.43	99.800003	2040.23999
12/03/15	965	426.25		63.04	99.150002	2065.949951
13/03/15	954.25	425.75		62	100.330002	2053.399902
16/03/15	953.5	427.25		61.88	99.599998	2081.189941
17/03/15	946	422		61.11	99.589996	2074.280029
18/03/15	950	425.25		62.9	98.550003	2099.5
19/03/15	948	425.5		61.61	99.099998	2089.27002
20/03/15	956.5	431		62.38	97.910004	2108.100098
23/03/15	963.25	432		62.73	97.029999	2104.419922
24/03/15	959.25	430.5		62.15	97.190002	2091.5
25/03/15	955.5	429		62.52	96.980003	2061.050049
26/03/15	954.5	425.75		63.11	97.440002	2056.149902
27/03/15	948.75	423		61.65	97.290001	2061.02002
30/03/15	948.75	423.5		62.31	97.959999	2086.23999
31/03/15	955	414		61.97	98.360001	2067.889893
01/04/15	972.75	418.25		63.12	98.239998	2059.689941
02/04/15	974	422.25		62.26	97.440002	2066.959961
06/04/15	969.25	421.5		63.33	97.110001	2080.620117
07/04/15	964.5	420.25		63.1	97.830002	2076.330078
08/04/15	961	419.75		61.6	98.07		2081.899902
09/04/15	949.5	420		62.48	99.160004	2091.179932
10/04/15	946.5	420.25		63.15	99.389999	2102.060059
13/04/15	945.25	418.75		62.95	99.489998	2092.429932
14/04/15	954.25	421		63.23	98.760002	2095.840088
15/04/15	955.75	419.5		64.85	98.330002	2106.629883
16/04/15	955.5	419.75		65.11	97.419998	2104.98999
17/04/15	954.25	421		64.38	97.43		2081.179932
20/04/15	959	420.5		65.27	97.940002	2100.399902
21/04/15	959.75	418.5		65.11	97.980003	2097.290039
22/04/15	956.5	418.5		65.53	98.019997	2107.959961
23/04/15	963.75	417.75		66.18	97.279999	2112.929932
24/04/15	955.5	413.75		65.56	96.919998	2117.689941
27/04/15	956.75	412.75		65.49	96.769997	2108.919922
28/04/15	953.25	412.25		65.38	96.089996	2114.76001
29/04/15	960.75	414		65.49	95.120003	2106.850098
30/04/15	954	411.75		65.64	94.599998	2085.51001
01/05/15	944	409.5		65.62	95.300003	2108.290039
04/05/15	950.75	409.5		65.88	95.480003	2114.48999
05/05/15	953.75	409		66.32	95.129997	2089.459961
06/05/15	953.75	410		66.51	94.129997	2080.149902
07/05/15	952.75	404.75		65.63	94.620003	2088
08/05/15	952.5	400.5		66.08	94.779999	2116.100098
11/05/15	950.75	399.5		66.12	95.010002	2105.330078
12/05/15	937.25	399.75		66.67	94.529999	2099.120117
13/05/15	939.25	400.5		66.25	93.620003	2098.47998
14/05/15	942	405.75		66.38	93.360001	2121.100098
15/05/15	942.25	406.25		66.28	93.139999	2122.72998
18/05/15	945.5	408.25		65.88	94.190002	2129.199951
19/05/15	933.25	404.25		64.7	95.269997	2127.830078
20/05/15	929.25	402.75		65.11	95.449997	2125.850098
21/05/15	927.5	403.75		65.35	95.260002	2130.820068
22/05/15	917.25	405.5		64.72	96.010002	2126.060059
26/05/15	914.5	401.5		64.01	97.300003	2104.199951
27/05/15	915.25	400.75		63.37	97.370003	2123.47998
28/05/15	917	403.75		63.52	96.970001	2120.790039
29/05/15	921.25	401.75		64.75	96.910004	2107.389893
01/06/15	918.25	399.75		64.21	97.389999	2111.72998
02/06/15	932.25	406.25		64.92	95.839996	2109.600098
03/06/15	930.5	408.75		64.33	95.470001	2114.070068
04/06/15	938.75	411.75		63.59	95.459999	2095.840088
05/06/15	928.5	411		64.87	96.309998	2092.830078
08/06/15	933.5	414.75		64.17	95.300003	2079.280029
09/06/15	935.25	414		65.15	95.169998	2080.149902
10/06/15	932.5	410.25		65.81	94.650002	2105.199951
11/06/15	921.25	409.5		65.36	94.980003	2108.860107
12/06/15	917.75	408.25		64.4	94.970001	2094.110107
15/06/15	914.5	404.5		64.62	94.809998	2084.429932
16/06/15	928	408.25		64.88	95		2096.290039
17/06/15	937.5	412.25		64.9	94.300003	2100.439941
18/06/15	941	412		65.23	94.010002	2121.23999
19/06/15	937.25	409.75		64.5	94.089996	2109.98999
22/06/15	952	413		65.09	94.330002	2122.850098
23/06/15	952.75	417.5		65.03	95.43		2124.199951
24/06/15	949	416.75		64.52	95.260002	2108.580078
25/06/15	955.25	419.5		64.1	95.190002	2102.310059
26/06/15	945.5	418.5		64.18	95.470001	2101.48999
29/06/15	945.5	416.75		63.43	94.790001	2057.639893
30/06/15	965.5	423.5		64.09	95.489998	2063.110107
01/07/15	967	424.5		63.3	96.309998	2077.419922
02/07/15	969.75	427		63.33	96.110001	2076.780029
06/07/15	967.5	427.25		59.81	96.300003	2068.76001
07/07/15	946.25	421.25		59.95	96.870003	2081.340088
08/07/15	949	422.5		59.92	96.290001	2046.680054
09/07/15	969	425.25		60.73	96.610001	2051.310059
10/07/15	969.5	423.75		61.3	96.029999	2076.620117
13/07/15	969.25	426.5		61.35	96.860001	2099.600098
14/07/15	967.75	422		61.48	96.639999	2108.949951
15/07/15	958	422.75		60.15	97.129997	2107.399902
16/07/15	952.5	422		59.63	97.660004	2124.290039
17/07/15	950	416		59.44	97.860001	2126.639893
20/07/15	945.5	411		59.31	98.029999	2128.280029
21/07/15	948	414.25		59.9	97.330002	2119.209961
22/07/15	938.25	411.75		58.94	97.599998	2114.149902
23/07/15	929.5	410.5		58.24	97.120003	2102.149902
24/07/15	917.5	407.5		57.69	97.239998	2079.649902
27/07/15	896.75	401.5		57.6	96.5		2067.639893
28/07/15	906.25	406.25		57.81	96.769997	2093.25
29/07/15	903.75	404.5		57.97	96.980003	2108.570068
30/07/15	906.25	408.5		58.11	97.559998	2108.629883
31/07/15	906	407		57.54	97.370003	2103.840088
03/08/15	903.75	403.25		56	97.489998	2098.040039
04/08/15	908.25	405.75		56.17	97.93		2093.320068
05/08/15	908.5	407.25		55.88	97.959999	2099.840088
06/08/15	900	405.25		56.25	97.830002	2083.560059
07/08/15	914	407.5		55.51	97.559998	2077.570068
10/08/15	936	419		56.81	97.160004	2104.179932
11/08/15	919.75	407		56.02	97.290001	2084.070068
12/08/15	883.25	401.5		56.56	96.260002	2086.050049
13/08/15	905.25	413.75		56.54	96.449997	2083.389893
14/08/15	897	413.5		56.75	96.57		2091.540039
17/08/15	898	413.5		56.24	96.82		2102.439941
18/08/15	887.75	413.75		56.05	96.970001	2096.919922
19/08/15	882.75	412.25		54.41	96.459999	2079.610107
20/08/15	893.75	416.75		53.29	95.75		2035.72998
21/08/15	879.5	414.25		51.74	94.830002	1970.890015
24/08/15	867.75	415.25		49.95	93.309998	1893.209961
25/08/15	877.5	410.75		50.9	94.529999	1867.609985
26/08/15	870.75	408.25		51.15	95.099998	1940.51001
27/08/15	880	411.75		54.82	95.610001	1987.660034
28/08/15	887.25	411.5		56.2	96.110001	1988.869995
31/08/15	891.25	412.5		58.73	95.949997	1972.180054
01/09/15	879	405.75		54.7	95.449997	1913.849976
02/09/15	876.75	404.25		55.69	95.830002	1948.859985
03/09/15	872	401.25		55.77	96.410004	1951.130005
04/09/15	868.75	402		54.86	96.230003	1921.219971
08/09/15	877.5	404.75		55.37	95.879997	1969.410034
09/09/15	872.25	405.5		54.2	96.010002	1942.040039
10/09/15	872.25	409.5		55.38	95.459999	1952.290039
11/09/15	874.25	418.25		54.56	95.190002	1961.050049
14/09/15	882.75	417		53.31	95.25		1953.030029
15/09/15	887.75	413.25		53.88	95.610001	1978.089966
16/09/15	887.25	411.25		55.23	95.419998	1995.310059
17/09/15	888.75	408.25		54.88	94.550003	1990.199951
18/09/15	875.75	408.75		53.52	94.860001	1958.030029
21/09/15	884.25	411.75		55	95.889999	1966.969971
22/09/15	873.5	407.75		55.05	96.279999	1942.73999
23/09/15	874.5	409.5		53.8	96.07		1938.76001
24/09/15	879.75	409.25		54.33	95.989998	1932.23999
25/09/15	896	411.5		54.58	96.269997	1931.339966
28/09/15	888.25	411		53.21	96.029999	1881.77002
29/09/15	890.75	412		53.35	95.889999	1884.089966
30/09/15	897.25	413		53.55	96.349998	1920.030029
01/10/15	887	412.5		52.84	96.190002	1923.819946
02/10/15	886.5	412		53.03	95.830002	1951.359985
05/10/15	896	416		54.06	96.110001	1987.050049
06/10/15	900.5	419.75		55.59	95.459999	1979.920044
07/10/15	904.25	418.75		55.2	95.5		1995.829956
08/10/15	898	414.25		55.5	95.32		2013.430054
09/10/15	900.25	411.5		55.85	94.809998	2014.890015
12/10/15	900.25	410.25		54.36	94.839996	2017.459961
13/10/15	916.75	413		54.36	94.760002	2003.689941
14/10/15	912.75	410.5		54.48	93.93		1994.23999
15/10/15	910.5	409		54.32	94.370003	2023.859985
16/10/15	905.5	409.5		54.9	94.540001	2033.109985
19/10/15	901.5	409.25		53.75	94.959999	2033.660034
20/10/15	905.5	410.75		54.1	94.849998	2030.77002
21/10/15	909	411.5		53.58	95.050003	2018.939941
22/10/15	901.5	410.25		54.02	96.339996	2052.51001
23/10/15	900	410.75		53.47	97.07		2075.149902
26/10/15	890.5	415		53.4	96.860001	2071.179932
27/10/15	894.5	412.75		52.6	96.910004	2065.889893
28/10/15	890.5	410.5		54.37	97.779999	2090.350098
29/10/15	887.75	414.25		54.21	97.279999	2089.409912
30/10/15	892.5	415.75		54.57	96.949997	2079.360107
02/11/15	886	411.25		54.32	96.93		2104.050049
03/11/15	885.75	414.5		55.42	97.160004	2109.790039
04/11/15	892	414		54.03	97.949997	2102.310059
05/11/15	879.75	410		53.79	97.940002	2099.929932
06/11/15	884	408.5		53.35	99.160004	2099.199951
09/11/15	880.25	404		53.29	98.980003	2078.580078
10/11/15	876.25	402		53.51	99.290001	2081.719971
11/11/15	884.75	402.5		52.36	99.010002	2075
12/11/15	889	403		51.73	98.650002	2045.969971
13/11/15	887	400		51.47	98.989998	2023.040039
16/11/15	892.75	401.75		51.72	99.440002	2053.189941
17/11/15	895	403.5		50.79	99.629997	2050.439941
18/11/15	891.25	401		51	99.650002	2083.580078
19/11/15	892.25	401.5		50.87	98.989998	2081.23999
20/11/15	891.5	402		51.1	99.57		2089.169922
23/11/15	896.25	405.5		51.37	99.800003	2086.590088
24/11/15	895.25	405		52.6	99.529999	2089.139893
25/11/15	903.25	406.5		52.59	99.800003	2088.870117
27/11/15	902.25	403.25		51.67	100.019997	2090.110107
30/11/15	908.75	407		51.35	100.169998	2080.409912
01/12/15	915.25	408.25		51.31	99.800003	2102.629883
02/12/15	919.75	407.25		50.48	99.989998	2079.51001
03/12/15	925	414.5		51.15	97.620003	2049.620117
04/12/15	933.5	416.75		50.59	98.349998	2091.689941
07/12/15	909.75	408		49.66	98.660004	2077.070068
08/12/15	903.25	408.75		49.43	98.470001	2063.590088
09/12/15	903	408.5		49.33	97.349998	2047.619995
10/12/15	906	411.5		49.64	97.940002	2052.22998
11/12/15	897.5	408.25		48.76	97.57		2012.369995
14/12/15	897.5	410.75		48.02	97.599998	2021.939941
15/12/15	892.5	409.25		48.47	98.220001	2043.410034
16/12/15	887.5	405		47.65	97.870003	2073.070068
17/12/15	902	409		47.44	99.269997	2041.890015
18/12/15	912.25	408		47.05	98.699997	2005.550049
21/12/15	910	407.75		46.38	98.459999	2021.150024
22/12/15	906	403.75		45.84	98.239998	2038.969971
23/12/15	900	403.5		46.57	98.339996	2064.290039
24/12/15	894.5	403.25		47.51	97.980003	2060.98999
28/12/15	887.75	401.5		46.78	97.919998	2056.5
29/12/15	893.5	403.25		47.54	98.099998	2078.360107
30/12/15	897.25	400.25		46.75	98.269997	2063.360107
31/12/15	891.75	398.75		47.44	98.629997	2043.939941
04/01/16	881.75	394.75		47.36	98.870003	2012.660034
05/01/16	884.25	394.75		46.86	99.400002	2016.709961
06/01/16	888.25	395		45.53	99.18		1990.26001
07/01/16	886	395.5		44.73	98.220001	1943.089966
08/01/16	885.75	398.25		44.71	98.540001	1922.030029
11/01/16	882	395.25		43.18	98.730003	1923.670044
12/01/16	894.5	397.75		41.89	98.970001	1938.680054
13/01/16	896	397		41.03	98.93		1890.280029
14/01/16	895.75	395.75		41.79	99.089996	1921.839966
15/01/16	889	398.5		39.68	98.959999	1880.329956
19/01/16	890	401		38.84	98.989998	1881.329956
20/01/16	886.5	401.5		38.22	99.089996	1859.329956
21/01/16	889	400		38.94	99.059998	1868.98999
22/01/16	886.25	402		41.73	99.57		1906.900024
25/01/16	892	402.25		41.05	99.360001	1877.079956
26/01/16	888.25	402.25		41.96	99.360001	1903.630005
27/01/16	894.5	401		42.8	98.900002	1882.949951
28/01/16	881.25	398		43.66	98.510002	1893.359985
29/01/16	894.25	403.25		44.96	99.610001	1940.23999
01/02/16	890.5	401		43.54	99		1939.380005
02/02/16	895.25	400.75		42.61	98.870003	1903.030029
03/02/16	887.75	398.5		43.95	97.290001	1912.530029
04/02/16	888.5	396.75		43.93	96.470001	1915.449951
05/02/16	885	395.25		43.9	97.029999	1880.050049
08/02/16	881	391.25		43.32	96.57		1853.439941
09/02/16	880.25	390		40.65	96.07		1852.209961
10/02/16	880	389.25		41.19	95.889999	1851.859985
11/02/16	890	391.5		40.91	95.559998	1829.079956
12/02/16	887	392.25		43.58	95.980003	1864.780029
16/02/16	890	392.5		42.21	96.870003	1895.579956
17/02/16	891	395.25		43.85	96.790001	1926.819946
18/02/16	888.75	393.25		43.22	96.949997	1917.829956
19/02/16	886.75	393.25		42.2	96.599998	1917.780029
22/02/16	889.25	396.25		43.36	97.379997	1945.5
23/02/16	880.75	392		42.33	97.480003	1921.27002
24/02/16	882	390.25		43.01	97.459999	1929.800049
25/02/16	877.5	387.25		43.13	97.290001	1951.699951
26/02/16	877	387		42.49	98.150002	1948.050049
29/02/16	874.75	384.5		43.61	98.209999	1932.22998
01/03/16	872.25	382.75		43.73	98.349998	1978.349976
02/03/16	877.25	381.75		43.59	98.209999	1986.449951
03/03/16	880.75	382.25		43.64	97.57		1993.400024
04/03/16	893	384.5		44.91	97.339996	1999.98999
07/03/16	893	385.75		46.54	97.07		2001.76001
08/03/16	895.75	387.75		45.32	97.209999	1979.26001
09/03/16	895.75	386.25		46.4	97.169998	1989.26001
10/03/16	897.25	387.75		45.8	96.07		1989.569946
11/03/16	902.25	388.75		46.23	96.169998	2022.189941
14/03/16	904.25	393.5		45.14	96.620003	2019.640015
15/03/16	901.75	394.75		44.63	96.629997	2015.930054
16/03/16	902.25	393.75		45.75	95.889999	2027.219971
17/03/16	907.5	394.5		46.37	94.760002	2040.589966
18/03/16	906	393.5		46.36	94.989998	2049.580078
21/03/16	909.5	394.75		46.6	95.290001	2051.600098
22/03/16	915	394.75		46.88	95.650002	2049.800049
23/03/16	910	393.25		45.93	96.050003	2036.709961
24/03/16	913.75	394.25		45.7	96.139999	2035.939941
28/03/16	912.75	394.5		45.38	95.940002	2037.050049
29/03/16	918.75	396		44.94	95.160004	2055.01001
30/03/16	914.5	390.5		45.46	94.839996	2063.949951
31/03/16	916	384		45.61	94.589996	2059.73999
01/04/16	927.25	386		44.08	94.620003	2072.780029
04/04/16	926.5	386		42.98	94.510002	2066.129883
05/04/16	920.25	388.25		42.61	94.629997	2045.170044
06/04/16	922.25	388.5		44.06	94.43		2066.659912
07/04/16	920	390.5		43.46	94.480003	2041.910034
08/04/16	928	391.75		45.53	94.239998	2047.599976
11/04/16	937	386.25		46.29	93.949997	2041.98999
12/04/16	941.5	390.25		47.52	93.959999	2061.719971
13/04/16	956.5	400		47.41	94.739998	2082.419922
14/04/16	950	400.75		46.92	94.900002	2082.780029
15/04/16	955.25	404		45.93	94.699997	2080.72998
18/04/16	951.5	404.25		45.65	94.489998	2094.340088
19/04/16	963	409.25		46.52	93.980003	2100.800049
20/04/16	956.5	413.25		47.93	94.489998	2102.399902
21/04/16	959.25	404.75		47.29	94.599998	2091.47998
22/04/16	954.25	394.75		47.96	95.120003	2091.580078
25/04/16	958.25	403.25		47.55	94.839996	2087.790039
26/04/16	967	411		48.41	94.57		2091.699951
27/04/16	957.5	407.75		49.44	94.389999	2095.149902
28/04/16	956.5	409.25		49.79	93.760002	2075.810059
29/04/16	958	408.5		49.5	93.080002	2065.300049
02/05/16	967.75	409.75		48.55	92.629997	2081.429932
03/05/16	957.25	402.75		47.89	92.940002	2063.370117
04/05/16	962.5	401.25		47.81	93.18		2051.120117
05/05/16	955.75	397.25		48.11	93.779999	2050.629883
06/05/16	972.5	400		48.7	93.889999	2057.139893
09/05/16	966.5	394.5		47.49	94.150002	2058.689941
10/05/16	979.25	404.75		48.82	94.290001	2084.389893
11/05/16	975	402.5		50.14	93.82		2064.459961
12/05/16	963.25	411.5		50.29	94.139999	2064.110107
13/05/16	959	413.5		49.69	94.610001	2046.609985
16/05/16	961.5	414.25		50.49	94.57		2066.659912
17/05/16	971.75	415.5		51.02	94.550003	2047.209961
18/05/16	967.25	415.5		51.07	95.080002	2047.630005
19/05/16	965.75	408.25		51.01	95.290001	2040.040039
20/05/16	960.25	408		50.79	95.309998	2052.320068
23/05/16	952.5	409.5		50.74	95.230003	2048.040039
24/05/16	945	408		51.1	95.57		2076.060059
25/05/16	957.25	410.25		51.75	95.349998	2090.540039
26/05/16	963.25	411.75		51.79	95.169998	2090.100098
27/05/16	970.75	413.75		51.94	95.519997	2099.060059
31/05/16	972	408.25		51.82	95.889999	2096.949951
01/06/16	973	415		51.82	95.459999	2099.330078
02/06/16	973	414.75		52.07	95.559998	2105.26001
03/06/16	978.25	417		51.53	94.029999	2099.129883
06/06/16	991.25	420		52.42	93.900002	2109.409912
07/06/16	995.75	419.75		53.1	93.830002	2112.129883
08/06/16	1005.5	420.5		53.85	93.589996	2119.120117
09/06/16	1003.5	414.5		53.52	94.099998	2115.47998
10/06/16	1004.5	411.25		52.39	94.599998	2096.070068
13/06/16	1010.75	414		52.26	94.370003	2079.060059
14/06/16	1003.25	415.75		51.78	94.93		2075.320068
15/06/16	998.75	410.5		51.26	94.610001	2071.5
16/06/16	984.25	409.75		49.77	94.57		2077.98999
17/06/16	992.25	416.75		51.48	94.209999	2071.219971
20/06/16	986.5	411.25		52.75	93.610001	2083.25
21/06/16	973.25	406.25		52.99	94.019997	2088.899902
22/06/16	970.75	400.25		52.68	93.720001	2085.449951
23/06/16	970.5	398.25		53.67	93.529999	2113.320068
24/06/16	963.25	396.5		51.49	95.449997	2037.410034
27/06/16	973.25	396.5		50.62	96.540001	2000.540039
28/06/16	986	393		52.36	96.25		2036.089966
29/06/16	981.75	386.5		54.34	95.769997	2070.77002
30/06/16	993.5	388.75		52.91	96.139999	2098.860107
01/07/16	983.25	388		53.87	95.650002	2102.949951
05/07/16	959.25	382.75		52.03	96.169998	2088.550049
06/07/16	963.25	376.5		52.94	96.059998	2099.72998
07/07/16	939.75	376.5		50.93	96.330002	2097.899902
08/07/16	959.5	385.5		51.36	96.300003	2129.899902
11/07/16	954.5	379.75		51.32	96.57		2137.159912
12/07/16	977.25	384.75		52.88	96.440002	2152.139893
13/07/16	982	388.75		50.99	96.220001	2152.429932
14/07/16	961.25	386.25		51.64	96.080002	2163.75
15/07/16	956.75	381.25		51.42	96.580002	2161.73999
18/07/16	966.5	386.5		50.87	96.559998	2166.889893
19/07/16	947	376.5		51	97.050003	2163.780029
20/07/16	945	374.75		51.52	97.199997	2173.02002
21/07/16	945.25	373.25		50.61	97		2165.169922
22/07/16	935.75	373		50.11	97.470001	2175.030029
25/07/16	917	371.75		49.47	97.290001	2168.47998
26/07/16	923.75	369.75		49.32	97.160004	2169.179932
27/07/16	928.25	370.25		48.17	97.050003	2166.580078
28/07/16	919.75	368.25		47.36	96.739998	2170.060059
29/07/16	935.25	372.5		47.77	95.529999	2173.600098
01/08/16	912.75	366.5		46.6	95.709999	2170.840088
02/08/16	911.25	370		46.22	95.059998	2157.030029
03/08/16	915.5	372.5		47.14	95.559998	2163.790039
04/08/16	916.25	370		47.87	95.760002	2164.25
05/08/16	925.75	372.25		47.88	96.190002	2182.870117
08/08/16	930.25	373		48.73	96.400002	2180.889893
09/08/16	929.75	371.25		48.48	96.18		2181.73999
10/08/16	928.5	372.25		47.95	95.650002	2175.48999
11/08/16	932	372.25		49.39	95.860001	2185.790039
12/08/16	931	373.75		50.08	95.720001	2184.050049
15/08/16	944	376		51.03	95.629997	2190.149902
16/08/16	937.75	375.75		51.72	94.790001	2178.149902
17/08/16	944.75	378.5		52.3	94.720001	2182.219971
18/08/16	947.25	381.25		53.29	94.160004	2187.02002
19/08/16	946.25	382.5		53.36	94.510002	2183.870117
22/08/16	955.75	381		51.97	94.519997	2182.639893
23/08/16	953.75	377.25		52.73	94.540001	2186.899902
24/08/16	948.75	376		51.78	94.790001	2175.439941
25/08/16	931.5	373		52.29	94.769997	2172.469971
26/08/16	932.5	366.75		52.54	95.57		2169.040039
29/08/16	932	363.75		51.89	95.580002	2180.379883
30/08/16	922.5	359.75		51.26	96.050003	2176.120117
31/08/16	917	359.5		49.56	96.019997	2170.949951
01/09/16	920.25	366.25		48.2	95.650002	2170.860107
02/09/16	927.25	369.75		49.44	95.879997	2179.97998
06/09/16	932	371		49.96	94.82		2186.47998
07/09/16	940.5	374.5		50.79	94.959999	2186.159912
08/09/16	943.5	379.25		52.65	95.029999	2181.300049
09/09/16	947.75	381.25		50.9	95.339996	2127.810059
12/09/16	942.25	380.75		51.3	95.099998	2159.040039
13/09/16	930.75	372		50.36	95.629997	2127.02002
14/09/16	930.75	373.25		49.27	95.330002	2125.77002
15/09/16	939	370.75		49.8	95.290001	2147.26001
16/09/16	952.75	376.75		49.04	96.110001	2139.159912
19/09/16	959.75	377.5		49.22	95.839996	2139.120117
20/09/16	973	380.25		49.24	96.019997	2139.76001
21/09/16	964.5	379.5		49.95	95.660004	2163.120117
22/09/16	964.5	376.5		50.88	95.449997	2177.179932
23/09/16	949.25	375.75		49.32	95.480003	2164.689941
26/09/16	945.25	369.5		50.58	95.309998	2146.100098
27/09/16	952.75	372		49.44	95.440002	2159.929932
28/09/16	948	369.25		51.43	95.43		2171.370117
29/09/16	951.25	368.75		51.92	95.540001	2151.129883
30/09/16	953.25	376.5		52.36	95.459999	2168.27002
03/10/16	971.5	384.25		52.99	95.75		2161.199951
04/10/16	966.75	387		53.06	96.120003	2150.48999
05/10/16	963	386.5		53.82	96.129997	2159.72998
06/10/16	961.75	380		54.21	96.660004	2160.77002
07/10/16	960	379.5		53.83	96.519997	2153.73999
10/10/16	961.75	383		54.79	96.519997	2163.659912
11/10/16	962.25	384.25		54.15	97.699997	2136.72998
12/10/16	954.5	377.25		53.72	97.970001	2139.179932
13/10/16	964.25	388.25		53.97	97.519997	2132.550049
14/10/16	968.75	391		53.82	98.019997	2132.97998
17/10/16	981.25	391		53.68	97.889999	2126.5
18/10/16	978.25	391		54.03	97.900002	2139.600098
19/10/16	985.75	393.75		54.84	97.870003	2144.290039
20/10/16	980.5	388.25		53.98	98.32		2141.340088
21/10/16	985.75	389		54.48	98.699997	2141.159912
24/10/16	991.5	386.25		54.53	98.669998	2151.330078
25/10/16	993.5	387		53.99	98.720001	2143.159912
26/10/16	1003.75	390.25		53.13	98.629997	2139.429932
27/10/16	1003.5	393		53.44	98.889999	2133.040039
28/10/16	994.25	390.25		52.62	98.349998	2126.409912
31/10/16	994.5	389.75		50.96	98.449997	2126.149902
01/11/16	983	386.25		50.83	97.699997	2111.719971
02/11/16	978.5	384.25		49.88	97.400002	2097.939941
03/11/16	981.75	386		49.36	97.160004	2088.659912
04/11/16	982.5	387		48.86	97.07		2085.179932
07/11/16	988.25	384.75		49.63	97.779999	2131.52002
08/11/16	995	391.75		49.91	97.860001	2139.560059
09/11/16	985.5	380.25		50.4	98.5		2163.26001
10/11/16	993.75	382		49.98	98.790001	2167.47998
11/11/16	984	379.5		48.7	98.790001	2164.449951
14/11/16	981.25	375.75		48.15	100.110001	2164.199951
15/11/16	986.25	379.25		50.17	100.190002	2180.389893
16/11/16	987	376.25		49.97	100.410004	2176.939941
17/11/16	993	378.5		50.16	100.889999	2187.120117
18/11/16	992.75	382		50.46	101.209999	2181.899902
21/11/16	1009.75	386		52.18	101.050003	2198.179932
22/11/16	1016.25	387.25		52.33	101.040001	2202.939941
23/11/16	1016.5	387.75		52.24	101.699997	2204.719971
25/11/16	1026.5	387.5		50.56	101.489998	2213.350098
28/11/16	1034	388		51.46	101.330002	2201.719971
29/11/16	1025.5	379.75		49.71	100.93		2204.659912
30/11/16	1018	379.75		53.25	101.5		2198.810059
01/12/16	1013.5	375		54.21	101.040001	2191.080078
02/12/16	1015	377.75		55.03	100.769997	2191.949951
05/12/16	1024.5	389.25		55.62	100.139999	2204.709961
06/12/16	1027.5	389.5		54.91	100.489998	2212.22998
07/12/16	1032	387		54.15	100.230003	2241.350098
08/12/16	1013	383.25		54.66	101.07		2246.189941
09/12/16	1025	388.5		55.08	101.57		2259.530029
12/12/16	1022	389.25		55.89	100.959999	2256.959961
13/12/16	1020	389.25		56.23	101.029999	2271.719971
14/12/16	1016	390		55.03	102		2253.280029
15/12/16	1016.25	386		55.01	103.129997	2262.030029
16/12/16	1019.75	386.5		55.72	102.949997	2258.070068
19/12/16	1012	384.25		55.75	103.139999	2262.530029
20/12/16	996.75	381.75		56.35	103.290001	2270.76001
21/12/16	997.5	378.25		55.65	103.019997	2265.179932
22/12/16	987.5	377.75		56.13	103.059998	2260.959961
23/12/16	981.25	376.25		56.25	102.970001	2263.790039
27/12/16	1002.5	384.25		56.92	103.019997	2268.879883
28/12/16	996	378.25		57.11	103.260002	2249.919922
29/12/16	993.5	379.25		57.1	102.68		2249.26001
30/12/16	989.25	380		57.05	102.389999	2238.830078
03/01/17	983.25	383.5		56.04	103.209999	2257.830078
04/01/17	998.75	386.75		57.03	102.699997	2270.75
05/01/17	996.25	388.5		57.39	101.519997	2269
06/01/17	982.5	385.5		57.62	102.220001	2276.97998
09/01/17	993.75	387.5		56.02	101.93		2268.899902
10/01/17	1000	386.5		54.99	102.010002	2268.899902
11/01/17	998	385.75		56.21	101.779999	2275.320068
12/01/17	1016.5	386		56.99	101.349998	2270.439941
13/01/17	1018.5	386.25		56.29	101.18		2274.639893
17/01/17	1020	392.5		56.23	100.330002	2267.889893
18/01/17	1028.25	391.75		54.89	100.93		2271.889893
19/01/17	1029.75	393.5		55.02	101.150002	2263.689941
20/01/17	1028.75	395.75		56.04	100.739998	2271.310059
23/01/17	1025.25	396		55.66	100.160004	2265.199951
24/01/17	1026	391		55.82	100.349998	2280.070068
25/01/17	1025.5	393.75		55.35	100.029999	2298.370117
26/01/17	1023.25	390.75		56.16	100.379997	2296.679932
27/01/17	1025.25	389.25		55.43	100.529999	2294.689941
30/01/17	1004	385.5		55.13	100.43		2280.899902
31/01/17	1001	387.25		55.25	99.510002	2278.870117
01/02/17	1012	396.25		56.09	99.639999	2279.550049
02/02/17	1018.5	394.5		55.84	99.849998	2280.850098
03/02/17	1009.75	392.75		56.21	99.870003	2297.419922
06/02/17	1017	392		55.47	99.910004	2292.560059
07/02/17	1019.5	396.25		54.58	100.260002	2293.080078
08/02/17	1028.25	397.5		54.64	100.279999	2294.669922
09/02/17	1026	395.75		55.13	100.650002	2307.870117
10/02/17	1030	399.25		55.98	100.800003	2316.100098
13/02/17	1027.25	399.5		55.1	100.959999	2328.25
14/02/17	1023	399.5		55.29	101.25		2337.580078
15/02/17	1034.25	402.75		55.01	101.18		2349.25
16/02/17	1024	399		54.81	100.440002	2347.219971
17/02/17	1018.25	394.25		54.82	100.949997	2351.159912
21/02/17	1014.5	395.75		55.04	101.370003	2365.379883
22/02/17	1013.5	397.25		54.56	101.330002	2362.820068
23/02/17	1004.5	391.75		55.25	101.050003	2363.810059
24/02/17	1007	391		54.92	101.089996	2367.340088
27/02/17	1006.25	388.75		55.09	101.129997	2369.75
28/02/17	1018.25	393.75		55.29	101.120003	2363.639893
01/03/17	1032.25	401.25		55.17	101.779999	2395.959961
02/03/17	1021.75	398.5		54.11	102.199997	2381.919922
03/03/17	1022	399.25		54.79	101.540001	2383.120117
06/03/17	1021.75	398		54.86	101.639999	2375.310059
07/03/17	1013.5	396		54.76	101.809998	2368.389893
08/03/17	1010.25	392.75		52.13	102.07		2362.97998
09/03/17	1004.5	388.25		51.22	101.849998	2364.870117
10/03/17	999.75	386.5		50.39	101.25		2372.600098
13/03/17	1002.25	383.5		50.38	101.379997	2373.469971
14/03/17	994.5	384.25		49.89	101.699997	2365.449951
15/03/17	993	385		50.63	100.739998	2385.26001
16/03/17	995.5	387.5		50.41	100.269997	2381.379883
17/03/17	993.5	389.75		50.51	100.300003	2378.25
20/03/17	993.5	386.25		50.36	100.410004	2373.469971
21/03/17	998.25	384.5		49.91	99.809998	2344.02002
22/03/17	998.75	382		49.73	99.68		2348.449951
23/03/17	991.25	380		49.39	99.760002	2345.959961
24/03/17	977	379.5		49.6	99.629997	2343.97998
27/03/17	971	380		49.54	99.169998	2341.590088
28/03/17	972.25	381.75		50.01	99.709999	2358.570068
29/03/17	968	382		50.96	100		2361.129883
30/03/17	963.25	381		51.72	100.410004	2368.060059
31/03/17	954	388.25		52.03	100.349998	2362.719971
03/04/17	950.25	392		51.85	100.540001	2358.840088
04/04/17	949	387.75		52.64	100.540001	2360.159912
05/04/17	954	389.25		52.68	100.559998	2352.949951
06/04/17	950.75	386		53.12	100.669998	2357.48999
07/04/17	949.5	384.5		53.52	101.18		2355.540039
10/04/17	949.75	391		54.37	101.019997	2357.159912
11/04/17	948.5	390.5		54.69	100.709999	2353.780029
12/04/17	955.5	392.5		54.56	100.779999	2344.929932
13/04/17	961.75	394.5		54.67	100.559998	2328.949951
17/04/17	962.25	390.25		54.26	100.300003	2349.01001
18/04/17	956.75	386.25		54.01	99.5		2342.189941
19/04/17	958.25	386.5		52.05	99.739998	2338.169922
20/04/17	953.75	382.5		51.99	99.779999	2355.840088
21/04/17	959.5	382		51.01	99.980003	2348.689941
24/04/17	967.5	383.5		50.63	99.089996	2374.149902
25/04/17	961.75	389		50.81	98.82		2388.610107
26/04/17	954	384.25		50.84	98.959999	2387.449951
27/04/17	954.5	386.75		50.18	99.080002	2388.77002
28/04/17	953.25	385		50.46	99.050003	2384.199951
01/05/17	964.5	394.5		50.03	99.139999	2388.330078
02/05/17	964.75	390		48.93	98.980003	2391.169922
03/05/17	970	392.25		49.14	99.209999	2388.129883
04/05/17	964.75	384.5		47	98.760002	2389.52002
05/05/17	966.5	388.5		47.75	98.650002	2399.290039
08/05/17	961.25	384.25		48.07	99.150002	2399.379883
09/05/17	967.5	385		47.48	99.589996	2396.919922
10/05/17	966.75	391.5		48.77	99.669998	2399.629883
11/05/17	964	387.25		49.23	99.620003	2394.439941
12/05/17	959.75	388.75		49.08	99.25		2390.899902
15/05/17	960.75	385.25		49.94	98.910004	2402.320068
16/05/17	967.75	385.5		49.95	98.110001	2400.669922
17/05/17	967.75	389		50.38	97.419998	2357.030029
18/05/17	944.75	384		50.5	97.879997	2365.719971
19/05/17	951.75	390.25		51.45	97.150002	2381.72998
22/05/17	956.25	392.75		51.95	96.980003	2394.02002
23/05/17	948.5	387.75		52.22	97.349998	2398.419922
24/05/17	948	389.75		52.01	97.239998	2404.389893
25/05/17	939.25	387.5		49.64	97.25		2415.070068
26/05/17	929.25	392.5		50.49	97.400002	2415.820068
30/05/17	919.75	385.75		50.37	97.279999	2412.909912
31/05/17	918.25	391		49.01	96.919998	2411.800049
01/06/17	917.75	389.25		49.1	97.199997	2430.060059
02/06/17	925.5	391		48.37	96.720001	2439.070068
05/06/17	928	392		48.06	96.800003	2436.100098
06/06/17	931.75	395.75		48.76	96.639999	2429.330078
07/06/17	935.75	402.5		46.66	96.75		2433.139893
08/06/17	943.75	403.75		46.6	96.919998	2433.790039
09/06/17	948.25	406		46.76	97.269997	2431.77002
12/06/17	938.25	395.5		46.96	97.139999	2429.389893
13/06/17	939	399		47.27	96.980003	2440.350098
14/06/17	939	395.5		45.58	96.940002	2437.919922
15/06/17	944	397.75		45.41	97.43		2432.459961
16/06/17	950	402		45.67	97.160004	2433.149902
19/06/17	948.5	393.25		45.19	97.529999	2453.459961
20/06/17	938.75	388		44.3	97.75		2437.030029
21/06/17	927.75	386.75		43.22	97.559998	2435.610107
22/06/17	913.25	380.75		43.45	97.540001	2434.5
23/06/17	911	375.25		43.79	97.300003	2438.300049
26/06/17	913.75	377		44.11	97.43		2439.070068
27/06/17	917.5	377.5		45.01	96.470001	2419.379883
28/06/17	921.75	376.25		45.51	96.050003	2440.689941
29/06/17	924.75	380		45.72	95.629997	2419.699951
30/06/17	954.75	392		46.77	95.660004	2423.409912
03/07/17	980.75	399.25		47.74	96.199997	2429.01001
05/07/17	994.25	404		45.81	96.290001	2432.540039
06/07/17	999.25	402.75		46.13	95.82		2409.75
07/07/17	1015.5	404.75		44.8	96.010002	2425.179932
10/07/17	1039.25	414.75		45.04	96.050003	2427.429932
11/07/17	1043.25	414.25		45.65	95.739998	2425.530029
12/07/17	1034	398.75		46.01	95.790001	2443.25
13/07/17	987.5	383		46.59	95.730003	2447.830078
14/07/17	1001.5	389.5		47.12	95.110001	2459.27002
17/07/17	997.5	388		46.64	95.129997	2459.139893
18/07/17	1001.75	390.75		46.99	94.660004	2460.610107
19/07/17	1012.5	396.25		47.73	94.800003	2473.830078
20/07/17	1027.0	404.75		47.34	94.269997	2473.449951
21/07/17	1022.25	393.5		46.19	93.940002	2472.540039
24/07/17	1010	390.75		46.72	93.980003	2469.909912
25/07/17	992.75	382.25		48.19	94.050003	2477.129883
26/07/17	1000.25	386		48.99	93.669998	2477.830078
27/07/17	1007.5	387.75		49.32	93.860001	2475.419922
28/07/17	1013	388		49.93	93.260002	2472.100098
31/07/17	1007.25	384.75		50.37	92.860001	2470.300049
01/08/17	971.75	376.5		49.43	93.029999	2476.350098
02/08/17	977.5	379		49.87	92.830002	2477.570068
03/08/17	960.5	377.75		49.34	92.809998	2472.159912
04/08/17	956.75	381		49.88	93.540001	2476.830078
07/08/17	969.75	386.75		49.75	93.43		2480.909912
08/08/17	973.25	383.75		49.52	93.639999	2474.919922
09/08/17	973.25	386.25		49.87	93.519997	2474.02002
10/08/17	940.25	371		48.88	93.400002	2438.209961
11/08/17	945	374.75		49.11	93.07		2441.320068
14/08/17	938.25	376.25		47.88	93.459999	2465.840088
15/08/17	924.25	368.5		47.84	93.849998	2464.610107
16/08/17	925.25	366.5		47.1	93.489998	2468.110107
17/08/17	933	364.25		47.4	93.620003	2430.01001
18/08/17	937.75	365.75		48.82	93.43		2425.550049
21/08/17	936.25	363		47.68	93.099998	2428.370117
22/08/17	937.5	360		48.02	93.550003	2452.51001
23/08/17	938	355.75		48.62	93.150002	2444.040039
24/08/17	946.5	356.25		47.7	93.279999	2438.969971
25/08/17	944.5	353.5		48.12	92.739998	2443.050049
28/08/17	941.25	351		46.96	92.209999	2444.23999
29/08/17	937.25	348.75		47	92.349998	2446.300049
30/08/17	933.25	345.5		46.51	92.93		2457.590088
31/08/17	945.25	357.75		47.96	92.669998	2471.649902
01/09/17	949.5	355.25		47.99	92.809998	2476.550049
05/09/17	968.5	358.5		49.14	92.309998	2457.850098
06/09/17	971	361		49.62	92.290001	2465.540039
07/09/17	968.75	355.25		49.53	91.529999	2465.100098
08/09/17	962	356.75		48.06	91.330002	2461.429932
11/09/17	960	357.5		48.62	91.940002	2488.110107
12/09/17	950.5	351.5		48.75	91.910004	2496.47998
13/09/17	960.5	351.5		49.75	92.519997	2498.370117
14/09/17	976	354.25		50.35	92.120003	2495.620117
15/09/17	968.75	354.75		50.44	91.870003	2500.22998
18/09/17	967.75	351.5		50.35	92.050003	2503.870117
19/09/17	965.5	348.25		49.9	91.790001	2506.649902
20/09/17	970	350		50.69	92.510002	2508.23999
21/09/17	970.75	350.25		50.55	92.260002	2500.600098
22/09/17	984.25	353.5		50.66	92.169998	2502.219971
25/09/17	971.25	353.75		52.22	92.650002	2496.659912
26/09/17	963.5	352.25		51.88	92.970001	2496.840088
27/09/17	965.5	354		52.14	93.440002	2507.040039
28/09/17	959.5	352.5		51.56	93.089996	2510.060059
29/09/17	968.25	355.25		51.67	93.080002	2519.360107
02/10/17	957.25	351.5		50.58	93.559998	2529.120117
03/10/17	955.25	349.5		50.42	93.57		2534.580078
04/10/17	958.25	348.25		49.98	93.459999	2537.73999
05/10/17	968.25	349.5		50.79	93.959999	2552.070068
06/10/17	972.25	350		49.29	93.800003	2549.330078
09/10/17	966.75	349.5		49.58	93.739998	2544.72998
10/10/17	966	349.25		50.92	93.290001	2550.639893
11/10/17	965.25	346		51.3	92.959999	2555.23999
12/10/17	992	349		50.6	93.120003	2550.929932
13/10/17	1000.25	352.75		51.45	93.089996	2553.169922
16/10/17	991	350.5		51.87	93.279999	2557.639893
17/10/17	984.75	350		51.88	93.489998	2559.360107
18/10/17	984.25	348.5		52.04	93.360001	2561.26001
19/10/17	986.5	349		51.29	93.269997	2562.100098
20/10/17	978.75	344.5		51.47	93.699997	2575.209961
